#Time,Time_usec,ProducerName,component_id,job_id,app_id,MemTotal,MemFree,MemAvailable,Buffers,Cached,SwapCached,Active,Inactive,Active(anon),Inactive(anon),Active(file),Inactive(file),Unevictable,Mlocked,SwapTotal,SwapFree,Dirty,Writeback,AnonPages,Mapped,Shmem,Slab,SReclaimable,SUnreclaim,KernelStack,PageTables,NFS_Unstable,Bounce,WritebackTmp,CommitLimit,Committed_AS,VmallocTotal,VmallocUsed,VmallocChunk,HardwareCorrupted,HugePages_Total,HugePages_Free,HugePages_Rsvd,HugePages_Surp,Hugepagesize,DirectMap4k,DirectMap2M,DirectMap1G
1634675131.000847,847,voltrino,0,0,0,98829872,90835308,93915448,602444,4979372,0,1296024,4473408,518952,1505776,777072,2967632,2692,2692,0,0,0,0,190508,48288,1837112,880068,201760,678308,41120,4284,0,0,0,96853272,2219084,34359738367,0,0,0,0,0,0,0,2048,493416,4651008,97517568
1634675132.001280,1280,voltrino,0,0,0,98829872,90835324,93915464,602444,4979372,0,1296024,4473408,518952,1505776,777072,2967632,2692,2692,0,0,0,0,190512,48292,1837112,880068,201760,678308,41136,4284,0,0,0,96853272,2219084,34359738367,0,0,0,0,0,0,0,2048,493416,4651008,97517568
1634675133.000836,836,voltrino,0,0,0,98829872,90834812,93914952,602444,4979372,0,1296024,4473408,518952,1505776,777072,2967632,2692,2692,0,0,0,0,190524,48292,1837112,880072,201760,678312,41136,4284,0,0,0,96853272,2219084,34359738367,0,0,0,0,0,0,0,2048,493416,4651008,97517568
1634675134.001256,1256,voltrino,0,0,0,98829872,90834812,93914952,602444,4979372,0,1296024,4473408,518952,1505776,777072,2967632,2692,2692,0,0,0,0,190540,48292,1837112,880072,201760,678312,41152,4288,0,0,0,96853272,2219084,34359738367,0,0,0,0,0,0,0,2048,493416,4651008,97517568
1634675135.000878,878,voltrino,0,0,0,98829872,90834812,93914952,602444,4979372,0,1296036,4473408,518964,1505776,777072,2967632,2692,2692,0,0,0,0,190540,48292,1837112,880072,201760,678312,41136,4288,0,0,0,96853272,2219084,34359738367,0,0,0,0,0,0,0,2048,493416,4651008,97517568
1634675136.001349,1349,voltrino,0,0,0,98829872,90835076,93915216,602444,4979372,0,1296036,4473408,518964,1505776,777072,2967632,2692,2692,0,0,0,0,190540,48292,1837112,880044,201760,678284,41152,4288,0,0,0,96853272,2219084,34359738367,0,0,0,0,0,0,0,2048,493416,4651008,97517568
1634675137.000875,875,voltrino,0,0,0,98829872,90835576,93915716,602444,4979372,0,1296036,4473408,518964,1505776,777072,2967632,2692,2692,0,0,0,0,190540,48292,1837112,880044,201760,678284,41136,4288,0,0,0,96853272,2219084,34359738367,0,0,0,0,0,0,0,2048,493416,4651008,97517568
1634675138.001256,1256,voltrino,0,0,0,98829872,90835576,93915716,602444,4979372,0,1296036,4473408,518964,1505776,777072,2967632,2692,2692,0,0,0,0,190540,48292,1837112,880044,201760,678284,41152,4288,0,0,0,96853272,2219084,34359738367,0,0,0,0,0,0,0,2048,493416,4651008,97517568
1634675139.000842,842,voltrino,0,0,0,98829872,90835092,93915236,602444,4979372,0,1296036,4473408,518964,1505776,777072,2967632,2692,2692,0,0,0,0,190540,48292,1837112,880048,201764,678284,41136,4288,0,0,0,96853272,2219084,34359738367,0,0,0,0,0,0,0,2048,493416,4651008,97517568
1634675140.001277,1277,voltrino,0,0,0,98829872,90835476,93915620,602444,4979372,0,1296036,4473408,518964,1505776,777072,2967632,2692,2692,0,0,0,0,190540,48292,1837112,880048,201764,678284,41152,4288,0,0,0,96853272,2219084,34359738367,0,0,0,0,0,0,0,2048,493416,4651008,97517568
1634675141.000837,837,voltrino,0,0,0,98829872,90835224,93915368,602444,4979372,0,1296036,4473408,518964,1505776,777072,2967632,2692,2692,0,0,0,0,190540,48292,1837112,880048,201764,678284,41136,4288,0,0,0,96853272,2219084,34359738367,0,0,0,0,0,0,0,2048,493416,4651008,97517568
1634675142.001359,1359,voltrino,0,0,0,98829872,90835496,93915640,602444,4979372,0,1296036,4473408,518964,1505776,777072,2967632,2692,2692,0,0,0,0,190540,48292,1837112,880040,201764,678276,41152,4288,0,0,0,96853272,2219084,34359738367,0,0,0,0,0,0,0,2048,493416,4651008,97517568
1634675143.000841,841,voltrino,0,0,0,98829872,90835496,93915640,602444,4979372,0,1296036,4473408,518964,1505776,777072,2967632,2692,2692,0,0,0,0,190540,48292,1837112,880040,201764,678276,41136,4288,0,0,0,96853272,2219084,34359738367,0,0,0,0,0,0,0,2048,493416,4651008,97517568
1634675144.001271,1271,voltrino,0,0,0,98829872,90835532,93915676,602444,4979372,0,1296036,4473408,518964,1505776,777072,2967632,2692,2692,0,0,0,0,190540,48292,1837112,880040,201764,678276,41152,4288,0,0,0,96853272,2219084,34359738367,0,0,0,0,0,0,0,2048,493416,4651008,97517568
1634675145.000841,841,voltrino,0,0,0,98829872,90835784,93915928,602444,4979372,0,1296036,4473408,518964,1505776,777072,2967632,2692,2692,0,0,0,0,190540,48292,1837112,880012,201764,678248,41136,4288,0,0,0,96853272,2219084,34359738367,0,0,0,0,0,0,0,2048,493416,4651008,97517568
1634675146.001269,1269,voltrino,0,0,0,98829872,90835824,93915968,602444,4979372,0,1296036,4473408,518964,1505776,777072,2967632,2692,2692,0,0,0,0,190540,48292,1837112,879984,201764,678220,41152,4288,0,0,0,96853272,2219084,34359738367,0,0,0,0,0,0,0,2048,493416,4651008,97517568
1634675147.000861,861,voltrino,0,0,0,98829872,90841856,93922000,602444,4979372,0,1285040,4473408,507968,1505776,777072,2967632,2692,2692,0,0,0,0,179556,43352,1837112,880008,201764,678244,41104,4028,0,0,0,96853272,2206384,34359738367,0,0,0,0,0,0,0,2048,493416,4651008,97517568
1634675148.001269,1269,voltrino,0,0,0,98829872,90837560,93917704,602444,4979372,0,1285128,4473408,508056,1505776,777072,2967632,2692,2692,0,0,0,0,179556,43352,1837112,880032,201764,678268,41120,4028,0,0,0,96853272,2206384,34359738367,0,0,0,0,0,0,0,2048,493416,4651008,97517568
1634675149.000842,842,voltrino,0,0,0,98829872,90837572,93917716,602444,4979372,0,1285128,4473408,508056,1505776,777072,2967632,2692,2692,0,0,0,0,179556,43352,1837112,880032,201764,678268,41104,4028,0,0,0,96853272,2206384,34359738367,0,0,0,0,0,0,0,2048,493416,4651008,97517568
1634675150.001274,1274,voltrino,0,0,0,98829872,90839060,93919204,602444,4979372,0,1285128,4473408,508056,1505776,777072,2967632,2692,2692,0,0,0,0,179556,43352,1837112,880032,201764,678268,41120,4028,0,0,0,96853272,2206384,34359738367,0,0,0,0,0,0,0,2048,493416,4651008,97517568
1634675151.000841,841,voltrino,0,0,0,98829872,90835260,93915404,602444,4979372,0,1285096,4473408,508024,1505776,777072,2967632,2692,2692,0,0,0,0,179556,43352,1837112,880192,201764,678428,41104,4028,0,0,0,96853272,2206192,34359738367,0,0,0,0,0,0,0,2048,493416,4651008,97517568
1634675152.001266,1266,voltrino,0,0,0,98829872,90835764,93915904,602444,4979372,0,1285096,4473408,508024,1505776,777072,2967632,2692,2692,0,0,0,0,179556,43352,1837112,880188,201760,678428,41120,4028,0,0,0,96853272,2206192,34359738367,0,0,0,0,0,0,0,2048,493416,4651008,97517568
1634675153.000847,847,voltrino,0,0,0,98829872,90835392,93915532,602444,4979372,0,1285100,4473408,508028,1505776,777072,2967632,2692,2692,0,0,0,0,179556,43352,1837112,880268,201760,678508,41104,4028,0,0,0,96853272,2206192,34359738367,0,0,0,0,0,0,0,2048,493416,4651008,97517568
1634675154.001318,1318,voltrino,0,0,0,98829872,90837812,93917952,602444,4979372,0,1285100,4473408,508028,1505776,777072,2967632,2692,2692,0,0,0,0,179556,43352,1837112,880268,201760,678508,41120,4028,0,0,0,96853272,2206192,34359738367,0,0,0,0,0,0,0,2048,493416,4651008,97517568
1634675155.000874,874,voltrino,0,0,0,98829872,90836516,93916656,602444,4979372,0,1285100,4473408,508028,1505776,777072,2967632,2692,2692,0,0,0,0,179556,43352,1837112,880308,201760,678548,41104,4028,0,0,0,96853272,2206192,34359738367,0,0,0,0,0,0,0,2048,493416,4651008,97517568
1634675156.001270,1270,voltrino,0,0,0,98829872,90835628,93915768,602444,4979372,0,1285100,4473408,508028,1505776,777072,2967632,2692,2692,0,0,0,0,179556,43352,1837112,880364,201760,678604,41120,4028,0,0,0,96853272,2206192,34359738367,0,0,0,0,0,0,0,2048,493416,4651008,97517568
1634675157.000847,847,voltrino,0,0,0,98829872,90835008,93915148,602444,4979372,0,1285096,4473408,508024,1505776,777072,2967632,2692,2692,0,0,0,0,179556,43352,1837112,880456,201760,678696,41104,4028,0,0,0,96853272,2206032,34359738367,0,0,0,0,0,0,0,2048,493416,4651008,97517568
1634675158.001366,1366,voltrino,0,0,0,98829872,90831916,93912056,602444,4979372,0,1285076,4473408,508004,1505776,777072,2967632,2692,2692,0,0,0,0,179480,43352,1837112,880504,201760,678744,41088,3844,0,0,0,96853272,2206000,34359738367,0,0,0,0,0,0,0,2048,493416,4651008,97517568
1634675159.000847,847,voltrino,0,0,0,98829872,90832988,93913132,602444,4979372,0,1285132,4473408,508060,1505776,777072,2967632,2692,2692,0,0,0,0,179556,43352,1837112,880532,201764,678768,41104,4028,0,0,0,96853272,2206000,34359738367,0,0,0,0,0,0,0,2048,493416,4651008,97517568
1634675160.001337,1337,voltrino,0,0,0,98829872,90834888,93915032,602444,4979372,0,1285132,4473408,508060,1505776,777072,2967632,2692,2692,0,0,0,0,179556,43352,1837112,880532,201764,678768,41120,4028,0,0,0,96853272,2206000,34359738367,0,0,0,0,0,0,0,2048,493416,4651008,97517568
1634675161.000833,833,voltrino,0,0,0,98829872,90836504,93916648,602444,4979372,0,1285132,4473408,508060,1505776,777072,2967632,2692,2692,0,0,0,0,179556,43352,1837112,880532,201764,678768,41104,4028,0,0,0,96853272,2206000,34359738367,0,0,0,0,0,0,0,2048,493416,4651008,97517568
1634675162.001268,1268,voltrino,0,0,0,98829872,90838484,93918628,602444,4979372,0,1285132,4473408,508060,1505776,777072,2967632,2692,2692,0,0,0,0,179556,43352,1837112,880520,201764,678756,41120,4028,0,0,0,96853272,2206000,34359738367,0,0,0,0,0,0,0,2048,493416,4651008,97517568
1634675163.000857,857,voltrino,0,0,0,98829872,90839456,93919596,602444,4979372,0,1285132,4473408,508060,1505776,777072,2967632,2692,2692,0,0,0,0,179556,43352,1837112,880516,201760,678756,41104,4028,0,0,0,96853272,2206000,34359738367,0,0,0,0,0,0,0,2048,493416,4651008,97517568
1634675164.001315,1315,voltrino,0,0,0,98829872,90841416,93921556,602444,4979372,0,1285132,4473408,508060,1505776,777072,2967632,2692,2692,0,0,0,0,179556,43352,1837112,880516,201760,678756,41120,4028,0,0,0,96853272,2206000,34359738367,0,0,0,0,0,0,0,2048,493416,4651008,97517568
1634675165.000848,848,voltrino,0,0,0,98829872,90842896,93923036,602444,4979372,0,1285132,4473408,508060,1505776,777072,2967632,2692,2692,0,0,0,0,179556,43352,1837112,880512,201760,678752,41104,4028,0,0,0,96853272,2206000,34359738367,0,0,0,0,0,0,0,2048,493416,4651008,97517568
1634675166.001272,1272,voltrino,0,0,0,98829872,90843420,93923560,602444,4979372,0,1285132,4473408,508060,1505776,777072,2967632,2692,2692,0,0,0,0,179556,43352,1837112,880512,201760,678752,41120,4028,0,0,0,96853272,2206000,34359738367,0,0,0,0,0,0,0,2048,493416,4651008,97517568
1634675167.000846,846,voltrino,0,0,0,98829872,90844476,93924616,602444,4979372,0,1285132,4473408,508060,1505776,777072,2967632,2692,2692,0,0,0,0,179556,43352,1837112,880512,201760,678752,41104,4028,0,0,0,96853272,2206000,34359738367,0,0,0,0,0,0,0,2048,493416,4651008,97517568
1634675168.001273,1273,voltrino,0,0,0,98829872,90845088,93925228,602444,4979372,0,1285132,4473408,508060,1505776,777072,2967632,2692,2692,0,0,0,0,179556,43352,1837112,880512,201760,678752,41120,4028,0,0,0,96853272,2206000,34359738367,0,0,0,0,0,0,0,2048,493416,4651008,97517568
1634675169.000870,870,voltrino,0,0,0,98829872,90845384,93925524,602444,4979372,0,1285132,4473408,508060,1505776,777072,2967632,2692,2692,0,0,0,0,179556,43352,1837112,880512,201760,678752,41104,4028,0,0,0,96853272,2206000,34359738367,0,0,0,0,0,0,0,2048,493416,4651008,97517568
1634675170.001287,1287,voltrino,0,0,0,98829872,90845700,93925840,602444,4979372,0,1285132,4473408,508060,1505776,777072,2967632,2692,2692,0,0,0,0,179556,43352,1837112,880504,201760,678744,41120,4028,0,0,0,96853272,2206000,34359738367,0,0,0,0,0,0,0,2048,493416,4651008,97517568
1634675171.000845,845,voltrino,0,0,0,98829872,90841132,93921272,602444,4979372,0,1285144,4473408,508072,1505776,777072,2967632,2692,2692,0,0,0,0,179556,43352,1837112,880536,201760,678776,41104,4028,0,0,0,96853272,2206352,34359738367,0,0,0,0,0,0,0,2048,493416,4651008,97517568
1634675172.001271,1271,voltrino,0,0,0,98829872,90841132,93921272,602444,4979372,0,1285144,4473408,508072,1505776,777072,2967632,2692,2692,0,0,0,0,179556,43352,1837112,880536,201760,678776,41120,4028,0,0,0,96853272,2206352,34359738367,0,0,0,0,0,0,0,2048,493416,4651008,97517568
1634675173.000858,858,voltrino,0,0,0,98829872,90841400,93921540,602444,4979372,0,1285144,4473408,508072,1505776,777072,2967632,2692,2692,0,0,0,0,179556,43352,1837112,880520,201760,678760,41104,4028,0,0,0,96853272,2206352,34359738367,0,0,0,0,0,0,0,2048,493416,4651008,97517568
1634675174.001263,1263,voltrino,0,0,0,98829872,90843292,93923432,602444,4979372,0,1285144,4473408,508072,1505776,777072,2967632,2692,2692,0,0,0,0,179556,43352,1837112,880520,201760,678760,41120,4028,0,0,0,96853272,2206352,34359738367,0,0,0,0,0,0,0,2048,493416,4651008,97517568
1634675175.000850,850,voltrino,0,0,0,98829872,90843040,93923180,602444,4979372,0,1285144,4473408,508072,1505776,777072,2967632,2692,2692,0,0,0,0,179556,43352,1837112,880520,201760,678760,41104,4028,0,0,0,96853272,2206352,34359738367,0,0,0,0,0,0,0,2048,493416,4651008,97517568
1634675176.001279,1279,voltrino,0,0,0,98829872,90842904,93923044,602444,4979372,0,1285144,4473408,508072,1505776,777072,2967632,2692,2692,0,0,0,0,179556,43352,1837112,880424,201760,678664,41120,4028,0,0,0,96853272,2206352,34359738367,0,0,0,0,0,0,0,2048,493416,4651008,97517568
1634675177.000854,854,voltrino,0,0,0,98829872,90844000,93924140,602444,4979372,0,1285144,4473408,508072,1505776,777072,2967632,2692,2692,0,0,0,0,179556,43352,1837112,880424,201760,678664,41104,4028,0,0,0,96853272,2206352,34359738367,0,0,0,0,0,0,0,2048,493416,4651008,97517568
1634675178.001263,1263,voltrino,0,0,0,98829872,90844000,93924140,602444,4979372,0,1285144,4473408,508072,1505776,777072,2967632,2692,2692,0,0,0,0,179556,43352,1837112,880424,201760,678664,41120,4028,0,0,0,96853272,2206352,34359738367,0,0,0,0,0,0,0,2048,493416,4651008,97517568
1634675179.000962,962,voltrino,0,0,0,98829872,90844008,93924148,602444,4979372,0,1285144,4473408,508072,1505776,777072,2967632,2692,2692,0,0,0,0,179556,43352,1837112,880420,201760,678660,41104,4028,0,0,0,96853272,2206352,34359738367,0,0,0,0,0,0,0,2048,493416,4651008,97517568
1634675180.001286,1286,voltrino,0,0,0,98829872,90844432,93924572,602444,4979372,0,1285232,4473408,508160,1505776,777072,2967632,2692,2692,0,0,0,0,179680,43416,1837112,880460,201760,678700,41136,4056,0,0,0,96853272,2206000,34359738367,0,0,0,0,0,0,0,2048,493416,4651008,97517568
1634675181.000840,840,voltrino,0,0,0,98829872,90844180,93924320,602444,4979372,0,1285232,4473408,508160,1505776,777072,2967632,2692,2692,0,0,0,0,179680,43416,1837112,880460,201760,678700,41120,4056,0,0,0,96853272,2206000,34359738367,0,0,0,0,0,0,0,2048,493416,4651008,97517568
1634675182.001265,1265,voltrino,0,0,0,98829872,90844200,93924340,602444,4979372,0,1285232,4473408,508160,1505776,777072,2967632,2692,2692,0,0,0,0,179680,43416,1837112,880460,201760,678700,41136,4056,0,0,0,96853272,2206000,34359738367,0,0,0,0,0,0,0,2048,493416,4651008,97517568
1634675183.000856,856,voltrino,0,0,0,98829872,90845020,93925160,602444,4979372,0,1285232,4473408,508160,1505776,777072,2967632,2692,2692,0,0,0,0,179680,43416,1837112,880452,201760,678692,41120,4056,0,0,0,96853272,2206000,34359738367,0,0,0,0,0,0,0,2048,493416,4651008,97517568
1634675184.001290,1290,voltrino,0,0,0,98829872,90845524,93925664,602444,4979372,0,1285232,4473408,508160,1505776,777072,2967632,2692,2692,0,0,0,0,179680,43416,1837112,880452,201760,678692,41136,4056,0,0,0,96853272,2206000,34359738367,0,0,0,0,0,0,0,2048,493416,4651008,97517568
1634675185.000860,860,voltrino,0,0,0,98829872,90845524,93925664,602444,4979372,0,1285232,4473408,508160,1505776,777072,2967632,2692,2692,0,0,0,0,179680,43416,1837112,880452,201760,678692,41120,4056,0,0,0,96853272,2206000,34359738367,0,0,0,0,0,0,0,2048,493416,4651008,97517568
1634675186.001280,1280,voltrino,0,0,0,98829872,90845584,93925724,602444,4979372,0,1285232,4473408,508160,1505776,777072,2967632,2692,2692,0,0,0,0,179680,43416,1837112,880432,201760,678672,41136,4056,0,0,0,96853272,2206000,34359738367,0,0,0,0,0,0,0,2048,493416,4651008,97517568
1634675187.000858,858,voltrino,0,0,0,98829872,90845584,93925724,602444,4979372,0,1285232,4473408,508160,1505776,777072,2967632,2692,2692,0,0,0,0,179680,43416,1837112,880432,201760,678672,41120,4056,0,0,0,96853272,2206000,34359738367,0,0,0,0,0,0,0,2048,493416,4651008,97517568
1634675188.001267,1267,voltrino,0,0,0,98829872,90841796,93921936,602444,4979372,0,1285104,4473408,508032,1505776,777072,2967632,2692,2692,0,0,0,0,179556,43352,1837112,880444,201760,678684,41120,4028,0,0,0,96853272,2206320,34359738367,0,0,0,0,0,0,0,2048,493416,4651008,97517568
1634675189.000849,849,voltrino,0,0,0,98829872,90841816,93921956,602444,4979372,0,1285104,4473408,508032,1505776,777072,2967632,2692,2692,0,0,0,0,179556,43352,1837112,880444,201760,678684,41104,4028,0,0,0,96853272,2206320,34359738367,0,0,0,0,0,0,0,2048,493416,4651008,97517568
1634675190.001281,1281,voltrino,0,0,0,98829872,90841816,93921956,602444,4979372,0,1285104,4473408,508032,1505776,777072,2967632,2692,2692,0,0,0,0,179556,43352,1837112,880440,201760,678680,41120,4028,0,0,0,96853272,2206320,34359738367,0,0,0,0,0,0,0,2048,493416,4651008,97517568
1634675191.000882,882,voltrino,0,0,0,98829872,90843304,93923444,602444,4979372,0,1285104,4473408,508032,1505776,777072,2967632,2692,2692,0,0,0,0,179556,43352,1837112,880440,201760,678680,41104,4028,0,0,0,96853272,2206320,34359738367,0,0,0,0,0,0,0,2048,493416,4651008,97517568
1634675192.001271,1271,voltrino,0,0,0,98829872,90843556,93923696,602444,4979372,0,1285104,4473408,508032,1505776,777072,2967632,2692,2692,0,0,0,0,179556,43352,1837112,880440,201760,678680,41120,4028,0,0,0,96853272,2206320,34359738367,0,0,0,0,0,0,0,2048,493416,4651008,97517568
1634675193.000900,900,voltrino,0,0,0,98829872,90838988,93919128,602444,4979372,0,1285108,4473408,508036,1505776,777072,2967632,2692,2692,0,0,0,0,179556,43352,1837112,880480,201760,678720,41104,4028,0,0,0,96853272,2206512,34359738367,0,0,0,0,0,0,0,2048,493416,4651008,97517568
1634675194.001274,1274,voltrino,0,0,0,98829872,90840440,93920576,602444,4979372,0,1285108,4473408,508036,1505776,777072,2967632,2692,2692,0,0,0,0,179556,43352,1837112,880464,201752,678712,41120,4028,0,0,0,96853272,2206512,34359738367,0,0,0,0,0,0,0,2048,493416,4651008,97517568
1634675195.000856,856,voltrino,0,0,0,98829872,90840440,93920576,602444,4979372,0,1285108,4473408,508036,1505776,777072,2967632,2692,2692,0,0,0,0,179556,43352,1837112,880464,201752,678712,41104,4028,0,0,0,96853272,2206512,34359738367,0,0,0,0,0,0,0,2048,493416,4651008,97517568
1634675196.001266,1266,voltrino,0,0,0,98829872,90842156,93922292,602444,4979372,0,1285108,4473408,508036,1505776,777072,2967632,2692,2692,0,0,0,0,179556,43352,1837112,880464,201752,678712,41120,4028,0,0,0,96853272,2206512,34359738367,0,0,0,0,0,0,0,2048,493416,4651008,97517568
1634675197.000904,904,voltrino,0,0,0,98829872,90843252,93923388,602444,4979372,0,1285108,4473408,508036,1505776,777072,2967632,2692,2692,0,0,0,0,179556,43352,1837112,880368,201752,678616,41104,4028,0,0,0,96853272,2206512,34359738367,0,0,0,0,0,0,0,2048,493416,4651008,97517568
1634675198.001266,1266,voltrino,0,0,0,98829872,90843252,93923388,602444,4979372,0,1285108,4473408,508036,1505776,777072,2967632,2692,2692,0,0,0,0,179556,43352,1837112,880368,201752,678616,41120,4028,0,0,0,96853272,2206512,34359738367,0,0,0,0,0,0,0,2048,493416,4651008,97517568
1634675199.000879,879,voltrino,0,0,0,98829872,90844472,93924608,602444,4979372,0,1285108,4473408,508036,1505776,777072,2967632,2692,2692,0,0,0,0,179556,43352,1837112,880368,201752,678616,41104,4028,0,0,0,96853272,2206512,34359738367,0,0,0,0,0,0,0,2048,493416,4651008,97517568
1634675200.001260,1260,voltrino,0,0,0,98829872,90845040,93925176,602444,4979372,0,1285108,4473408,508036,1505776,777072,2967632,2692,2692,0,0,0,0,179556,43352,1837112,880368,201752,678616,41120,4028,0,0,0,96853272,2206512,34359738367,0,0,0,0,0,0,0,2048,493416,4651008,97517568
1634675201.000836,836,voltrino,0,0,0,98829872,90844788,93924924,602444,4979372,0,1285108,4473408,508036,1505776,777072,2967632,2692,2692,0,0,0,0,179556,43352,1837112,880368,201752,678616,41104,4028,0,0,0,96853272,2206512,34359738367,0,0,0,0,0,0,0,2048,493416,4651008,97517568
1634675202.001272,1272,voltrino,0,0,0,98829872,90845772,93925908,602444,4979372,0,1285108,4473408,508036,1505776,777072,2967632,2692,2692,0,0,0,0,179556,43352,1837112,880368,201752,678616,41120,4028,0,0,0,96853272,2206512,34359738367,0,0,0,0,0,0,0,2048,493416,4651008,97517568
1634675203.000837,837,voltrino,0,0,0,98829872,90845804,93925940,602444,4979372,0,1285108,4473408,508036,1505776,777072,2967632,2692,2692,0,0,0,0,179556,43352,1837112,880348,201752,678596,41104,4028,0,0,0,96853272,2206512,34359738367,0,0,0,0,0,0,0,2048,493416,4651008,97517568
1634675204.001269,1269,voltrino,0,0,0,98829872,90846308,93926440,602444,4979372,0,1285108,4473408,508036,1505776,777072,2967632,2692,2692,0,0,0,0,179556,43352,1837112,880336,201740,678596,41120,4028,0,0,0,96853272,2206512,34359738367,0,0,0,0,0,0,0,2048,493416,4651008,97517568
1634675205.000844,844,voltrino,0,0,0,98829872,90846884,93927016,602444,4979372,0,1285108,4473408,508036,1505776,777072,2967632,2692,2692,0,0,0,0,179556,43352,1837112,880336,201740,678596,41104,4028,0,0,0,96853272,2206512,34359738367,0,0,0,0,0,0,0,2048,493416,4651008,97517568
1634675206.001285,1285,voltrino,0,0,0,98829872,90846920,93927052,602444,4979372,0,1285108,4473408,508036,1505776,777072,2967632,2692,2692,0,0,0,0,179556,43352,1837112,880332,201740,678592,41120,4028,0,0,0,96853272,2206512,34359738367,0,0,0,0,0,0,0,2048,493416,4651008,97517568
1634675207.000854,854,voltrino,0,0,0,98829872,90846932,93927064,602444,4979372,0,1285108,4473408,508036,1505776,777072,2967632,2692,2692,0,0,0,0,179556,43352,1837112,880332,201740,678592,41104,4028,0,0,0,96853272,2206512,34359738367,0,0,0,0,0,0,0,2048,493416,4651008,97517568
1634675208.001269,1269,voltrino,0,0,0,98829872,90846760,93926892,602444,4979372,0,1285108,4473408,508036,1505776,777072,2967632,2692,2692,0,0,0,0,179556,43352,1837112,880332,201740,678592,41120,4028,0,0,0,96853272,2206512,34359738367,0,0,0,0,0,0,0,2048,493416,4651008,97517568
1634675209.000910,910,voltrino,0,0,0,98829872,90846764,93926896,602444,4979372,0,1285108,4473408,508036,1505776,777072,2967632,2692,2692,0,0,0,0,179556,43352,1837112,880332,201740,678592,41104,4028,0,0,0,96853272,2206512,34359738367,0,0,0,0,0,0,0,2048,493416,4651008,97517568
1634675210.001264,1264,voltrino,0,0,0,98829872,90846780,93926912,602444,4979372,0,1285108,4473408,508036,1505776,777072,2967632,2692,2692,0,0,0,0,179556,43352,1837112,880332,201740,678592,41120,4028,0,0,0,96853272,2206512,34359738367,0,0,0,0,0,0,0,2048,493416,4651008,97517568
1634675211.000851,851,voltrino,0,0,0,98829872,90846528,93926660,602444,4979372,0,1285108,4473408,508036,1505776,777072,2967632,2692,2692,0,0,0,0,179556,43352,1837112,880332,201740,678592,41104,4028,0,0,0,96853272,2206512,34359738367,0,0,0,0,0,0,0,2048,493416,4651008,97517568
1634675212.001274,1274,voltrino,0,0,0,98829872,90846528,93926660,602444,4979372,0,1285108,4473408,508036,1505776,777072,2967632,2692,2692,0,0,0,0,179556,43352,1837112,880332,201740,678592,41120,4028,0,0,0,96853272,2206512,34359738367,0,0,0,0,0,0,0,2048,493416,4651008,97517568
1634675213.000916,916,voltrino,0,0,0,98829872,90846528,93926660,602444,4979372,0,1285108,4473408,508036,1505776,777072,2967632,2692,2692,0,0,0,0,179556,43352,1837112,880332,201740,678592,41104,4028,0,0,0,96853272,2206512,34359738367,0,0,0,0,0,0,0,2048,493416,4651008,97517568
1634675214.001257,1257,voltrino,0,0,0,98829872,90846788,93926920,602444,4979372,0,1285108,4473408,508036,1505776,777072,2967632,2692,2692,0,0,0,0,179556,43352,1837112,880324,201740,678584,41120,4028,0,0,0,96853272,2206512,34359738367,0,0,0,0,0,0,0,2048,493416,4651008,97517568
1634675215.000886,886,voltrino,0,0,0,98829872,90846788,93926920,602444,4979372,0,1285108,4473408,508036,1505776,777072,2967632,2692,2692,0,0,0,0,179556,43352,1837112,880324,201740,678584,41104,4028,0,0,0,96853272,2206512,34359738367,0,0,0,0,0,0,0,2048,493416,4651008,97517568
1634675216.001259,1259,voltrino,0,0,0,98829872,90846924,93927056,602444,4979372,0,1285108,4473408,508036,1505776,777072,2967632,2692,2692,0,0,0,0,179556,43352,1837112,880100,201740,678360,41120,4028,0,0,0,96853272,2206512,34359738367,0,0,0,0,0,0,0,2048,493416,4651008,97517568
1634675217.000856,856,voltrino,0,0,0,98829872,90846924,93927056,602444,4979372,0,1285108,4473408,508036,1505776,777072,2967632,2692,2692,0,0,0,0,179556,43352,1837112,880100,201740,678360,41104,4028,0,0,0,96853272,2206512,34359738367,0,0,0,0,0,0,0,2048,493416,4651008,97517568
1634675218.001265,1265,voltrino,0,0,0,98829872,90846924,93927056,602444,4979372,0,1285108,4473408,508036,1505776,777072,2967632,2692,2692,0,0,0,0,179556,43352,1837112,880100,201740,678360,41120,4028,0,0,0,96853272,2206512,34359738367,0,0,0,0,0,0,0,2048,493416,4651008,97517568
1634675219.000842,842,voltrino,0,0,0,98829872,90847012,93927144,602444,4979372,0,1285108,4473408,508036,1505776,777072,2967632,2692,2692,0,0,0,0,179556,43352,1837112,880100,201740,678360,41104,4028,0,0,0,96853272,2206512,34359738367,0,0,0,0,0,0,0,2048,493416,4651008,97517568
1634675220.001322,1322,voltrino,0,0,0,98829872,90847012,93927144,602444,4979372,0,1285108,4473408,508036,1505776,777072,2967632,2692,2692,0,0,0,0,179556,43352,1837112,880100,201740,678360,41120,4028,0,0,0,96853272,2206512,34359738367,0,0,0,0,0,0,0,2048,493416,4651008,97517568
1634675221.000839,839,voltrino,0,0,0,98829872,90846760,93926892,602444,4979372,0,1285108,4473408,508036,1505776,777072,2967632,2692,2692,0,0,0,0,179556,43352,1837112,880100,201740,678360,41104,4028,0,0,0,96853272,2206512,34359738367,0,0,0,0,0,0,0,2048,493416,4651008,97517568
1634675222.001262,1262,voltrino,0,0,0,98829872,90846856,93926988,602444,4979372,0,1285108,4473408,508036,1505776,777072,2967632,2692,2692,0,0,0,0,179556,43352,1837112,880100,201740,678360,41120,4028,0,0,0,96853272,2206512,34359738367,0,0,0,0,0,0,0,2048,493416,4651008,97517568
1634675223.000851,851,voltrino,0,0,0,98829872,90846856,93926988,602444,4979372,0,1285108,4473408,508036,1505776,777072,2967632,2692,2692,0,0,0,0,179556,43352,1837112,880092,201740,678352,41104,4028,0,0,0,96853272,2206512,34359738367,0,0,0,0,0,0,0,2048,493416,4651008,97517568
1634675224.001271,1271,voltrino,0,0,0,98829872,90847124,93927256,602444,4979372,0,1285108,4473408,508036,1505776,777072,2967632,2692,2692,0,0,0,0,179556,43352,1837112,880088,201740,678348,41120,4028,0,0,0,96853272,2206512,34359738367,0,0,0,0,0,0,0,2048,493416,4651008,97517568
1634675225.000853,853,voltrino,0,0,0,98829872,90847124,93927256,602444,4979372,0,1285108,4473408,508036,1505776,777072,2967632,2692,2692,0,0,0,0,179556,43352,1837112,880088,201740,678348,41104,4028,0,0,0,96853272,2206512,34359738367,0,0,0,0,0,0,0,2048,493416,4651008,97517568
1634675226.001266,1266,voltrino,0,0,0,98829872,90847220,93927352,602444,4979372,0,1285108,4473408,508036,1505776,777072,2967632,2692,2692,0,0,0,0,179556,43352,1837112,880008,201740,678268,41120,4028,0,0,0,96853272,2206512,34359738367,0,0,0,0,0,0,0,2048,493416,4651008,97517568
1634675227.000840,840,voltrino,0,0,0,98829872,90844972,93925112,602444,4979372,0,1285108,4473408,508036,1505776,777072,2967632,2692,2692,0,0,0,0,179556,43352,1837112,880076,201756,678320,41104,4028,0,0,0,96853272,2206512,34359738367,0,0,0,0,0,0,0,2048,493416,4651008,97517568
1634675228.001296,1296,voltrino,0,0,0,98829872,90844736,93924876,602444,4979372,0,1285108,4473408,508036,1505776,777072,2967632,2692,2692,0,0,0,0,179556,43352,1837112,880084,201756,678328,41120,4028,0,0,0,96853272,2206512,34359738367,0,0,0,0,0,0,0,2048,493416,4651008,97517568
1634675229.000834,834,voltrino,0,0,0,98829872,90844980,93925120,602444,4979372,0,1285108,4473408,508036,1505776,777072,2967632,2692,2692,0,0,0,0,179556,43352,1837112,880084,201756,678328,41104,4028,0,0,0,96853272,2206512,34359738367,0,0,0,0,0,0,0,2048,493416,4651008,97517568
1634675230.001281,1281,voltrino,0,0,0,98829872,90846732,93926872,602444,4979372,0,1285108,4473408,508036,1505776,777072,2967632,2692,2692,0,0,0,0,179556,43352,1837112,880080,201756,678324,41120,4028,0,0,0,96853272,2206512,34359738367,0,0,0,0,0,0,0,2048,493416,4651008,97517568
1634675231.000845,845,voltrino,0,0,0,98829872,90846724,93926864,602444,4979372,0,1285108,4473408,508036,1505776,777072,2967632,2692,2692,0,0,0,0,179556,43352,1837112,880080,201756,678324,41104,4028,0,0,0,96853272,2206512,34359738367,0,0,0,0,0,0,0,2048,493416,4651008,97517568
1634675232.001275,1275,voltrino,0,0,0,98829872,90846724,93926864,602444,4979372,0,1285108,4473408,508036,1505776,777072,2967632,2692,2692,0,0,0,0,179556,43352,1837112,880080,201756,678324,41120,4028,0,0,0,96853272,2206512,34359738367,0,0,0,0,0,0,0,2048,493416,4651008,97517568
1634675233.000833,833,voltrino,0,0,0,98829872,90846988,93927128,602444,4979372,0,1285108,4473408,508036,1505776,777072,2967632,2692,2692,0,0,0,0,179556,43352,1837112,880072,201756,678316,41104,4028,0,0,0,96853272,2206512,34359738367,0,0,0,0,0,0,0,2048,493416,4651008,97517568
1634675234.001262,1262,voltrino,0,0,0,98829872,90847240,93927380,602444,4979372,0,1285108,4473408,508036,1505776,777072,2967632,2692,2692,0,0,0,0,179556,43352,1837112,880072,201756,678316,41120,4028,0,0,0,96853272,2206512,34359738367,0,0,0,0,0,0,0,2048,493416,4651008,97517568
1634675235.000852,852,voltrino,0,0,0,98829872,90847240,93927380,602444,4979372,0,1285108,4473408,508036,1505776,777072,2967632,2692,2692,0,0,0,0,179556,43352,1837112,880072,201756,678316,41104,4028,0,0,0,96853272,2206512,34359738367,0,0,0,0,0,0,0,2048,493416,4651008,97517568
1634675236.001267,1267,voltrino,0,0,0,98829872,90847256,93927396,602444,4979372,0,1285108,4473408,508036,1505776,777072,2967632,2692,2692,0,0,0,0,179556,43352,1837112,880048,201756,678292,41120,4028,0,0,0,96853272,2206512,34359738367,0,0,0,0,0,0,0,2048,493416,4651008,97517568
1634675237.000856,856,voltrino,0,0,0,98829872,90847256,93927396,602444,4979372,0,1285108,4473408,508036,1505776,777072,2967632,2692,2692,0,0,0,0,179556,43352,1837112,880048,201756,678292,41104,4028,0,0,0,96853272,2206512,34359738367,0,0,0,0,0,0,0,2048,493416,4651008,97517568
1634675238.001257,1257,voltrino,0,0,0,98829872,90847256,93927396,602444,4979372,0,1285108,4473408,508036,1505776,777072,2967632,2692,2692,0,0,0,0,179556,43352,1837112,880048,201756,678292,41120,4028,0,0,0,96853272,2206512,34359738367,0,0,0,0,0,0,0,2048,493416,4651008,97517568
1634675239.000855,855,voltrino,0,0,0,98829872,90847264,93927404,602444,4979372,0,1285108,4473408,508036,1505776,777072,2967632,2692,2692,0,0,0,0,179556,43352,1837112,880048,201756,678292,41104,4028,0,0,0,96853272,2206512,34359738367,0,0,0,0,0,0,0,2048,493416,4651008,97517568
1634675240.001261,1261,voltrino,0,0,0,98829872,90847092,93927232,602444,4979372,0,1285108,4473408,508036,1505776,777072,2967632,2692,2692,0,0,0,0,179556,43352,1837112,880048,201756,678292,41120,4028,0,0,0,96853272,2206512,34359738367,0,0,0,0,0,0,0,2048,493416,4651008,97517568
1634675241.000841,841,voltrino,0,0,0,98829872,90846848,93926988,602444,4979372,0,1285108,4473408,508036,1505776,777072,2967632,2692,2692,0,0,0,0,179556,43352,1837112,880048,201756,678292,41104,4028,0,0,0,96853272,2206512,34359738367,0,0,0,0,0,0,0,2048,493416,4651008,97517568
1634675242.001274,1274,voltrino,0,0,0,98829872,90846864,93927004,602444,4979372,0,1285108,4473408,508036,1505776,777072,2967632,2692,2692,0,0,0,0,179556,43352,1837112,880040,201756,678284,41120,4028,0,0,0,96853272,2206512,34359738367,0,0,0,0,0,0,0,2048,493416,4651008,97517568
1634675243.000866,866,voltrino,0,0,0,98829872,90846864,93927004,602444,4979372,0,1285108,4473408,508036,1505776,777072,2967632,2692,2692,0,0,0,0,179556,43352,1837112,880040,201756,678284,41104,4028,0,0,0,96853272,2206512,34359738367,0,0,0,0,0,0,0,2048,493416,4651008,97517568
1634675244.001276,1276,voltrino,0,0,0,98829872,90847160,93927300,602444,4979372,0,1285108,4473408,508036,1505776,777072,2967632,2692,2692,0,0,0,0,179556,43352,1837112,880040,201756,678284,41120,4028,0,0,0,96853272,2206512,34359738367,0,0,0,0,0,0,0,2048,493416,4651008,97517568
1634675245.000867,867,voltrino,0,0,0,98829872,90847168,93927300,602444,4979372,0,1285108,4473408,508036,1505776,777072,2967632,2692,2692,0,0,0,0,179556,43352,1837112,880020,201740,678280,41104,4028,0,0,0,96853272,2206512,34359738367,0,0,0,0,0,0,0,2048,493416,4651008,97517568
1634675246.001364,1364,voltrino,0,0,0,98829872,90847208,93927340,602444,4979372,0,1285108,4473408,508036,1505776,777072,2967632,2692,2692,0,0,0,0,179556,43352,1837112,879976,201740,678236,41120,4028,0,0,0,96853272,2206512,34359738367,0,0,0,0,0,0,0,2048,493416,4651008,97517568
1634675247.000851,851,voltrino,0,0,0,98829872,90847208,93927340,602444,4979372,0,1285108,4473408,508036,1505776,777072,2967632,2692,2692,0,0,0,0,179556,43352,1837112,879940,201740,678200,41104,4028,0,0,0,96853272,2206512,34359738367,0,0,0,0,0,0,0,2048,493416,4651008,97517568
1634675248.001267,1267,voltrino,0,0,0,98829872,90847260,93927392,602444,4979372,0,1285108,4473408,508036,1505776,777072,2967632,2692,2692,0,0,0,0,179556,43352,1837112,879940,201740,678200,41120,4028,0,0,0,96853272,2206512,34359738367,0,0,0,0,0,0,0,2048,493416,4651008,97517568
1634675249.000881,881,voltrino,0,0,0,98829872,90847264,93927396,602444,4979372,0,1285108,4473408,508036,1505776,777072,2967632,2692,2692,0,0,0,0,179556,43352,1837112,879940,201740,678200,41104,4028,0,0,0,96853272,2206512,34359738367,0,0,0,0,0,0,0,2048,493416,4651008,97517568
1634675250.001269,1269,voltrino,0,0,0,98829872,90847316,93927448,602444,4979372,0,1285108,4473408,508036,1505776,777072,2967632,2692,2692,0,0,0,0,179556,43352,1837112,879940,201740,678200,41120,4028,0,0,0,96853272,2206512,34359738367,0,0,0,0,0,0,0,2048,493416,4651008,97517568
1634675251.000835,835,voltrino,0,0,0,98829872,90847064,93927196,602444,4979372,0,1285108,4473408,508036,1505776,777072,2967632,2692,2692,0,0,0,0,179556,43352,1837112,879940,201740,678200,41104,4028,0,0,0,96853272,2206512,34359738367,0,0,0,0,0,0,0,2048,493416,4651008,97517568
1634675252.001401,1401,voltrino,0,0,0,98829872,90847080,93927212,602444,4979372,0,1285108,4473408,508036,1505776,777072,2967632,2692,2692,0,0,0,0,179556,43352,1837112,879940,201740,678200,41120,4028,0,0,0,96853272,2206512,34359738367,0,0,0,0,0,0,0,2048,493416,4651008,97517568
1634675253.000845,845,voltrino,0,0,0,98829872,90847088,93927220,602444,4979372,0,1285108,4473408,508036,1505776,777072,2967632,2692,2692,0,0,0,0,179556,43352,1837112,879928,201740,678188,41104,4028,0,0,0,96853272,2206512,34359738367,0,0,0,0,0,0,0,2048,493416,4651008,97517568
1634675254.001437,1437,voltrino,0,0,0,98829872,90847356,93927488,602444,4979372,0,1285108,4473408,508036,1505776,777072,2967632,2692,2692,0,0,0,0,179556,43352,1837112,879928,201740,678188,41120,4028,0,0,0,96853272,2206512,34359738367,0,0,0,0,0,0,0,2048,493416,4651008,97517568
1634675255.000889,889,voltrino,0,0,0,98829872,90847356,93927484,602444,4979372,0,1285108,4473408,508036,1505776,777072,2967632,2692,2692,0,0,0,0,179556,43352,1837112,879924,201736,678188,41104,4028,0,0,0,96853272,2206512,34359738367,0,0,0,0,0,0,0,2048,493416,4651008,97517568
1634675256.001262,1262,voltrino,0,0,0,98829872,90847376,93927504,602444,4979372,0,1285108,4473408,508036,1505776,777072,2967632,2692,2692,0,0,0,0,179556,43352,1837112,879924,201736,678188,41120,4028,0,0,0,96853272,2206512,34359738367,0,0,0,0,0,0,0,2048,493416,4651008,97517568
1634675257.000837,837,voltrino,0,0,0,98829872,90847472,93927600,602444,4979372,0,1285108,4473408,508036,1505776,777072,2967632,2692,2692,0,0,0,0,179556,43352,1837112,879808,201736,678072,41104,4028,0,0,0,96853272,2206512,34359738367,0,0,0,0,0,0,0,2048,493416,4651008,97517568
1634675258.001284,1284,voltrino,0,0,0,98829872,90847492,93927620,602444,4979372,0,1285108,4473408,508036,1505776,777072,2967632,2692,2692,0,0,0,0,179556,43352,1837112,879808,201736,678072,41120,4028,0,0,0,96853272,2206512,34359738367,0,0,0,0,0,0,0,2048,493416,4651008,97517568
1634675259.000886,886,voltrino,0,0,0,98829872,90847492,93927620,602444,4979372,0,1285108,4473408,508036,1505776,777072,2967632,2692,2692,0,0,0,0,179556,43352,1837112,879808,201736,678072,41104,4028,0,0,0,96853272,2206512,34359738367,0,0,0,0,0,0,0,2048,493416,4651008,97517568
1634675260.001328,1328,voltrino,0,0,0,98829872,90847528,93927656,602444,4979372,0,1285108,4473408,508036,1505776,777072,2967632,2692,2692,0,0,0,0,179556,43352,1837112,879808,201736,678072,41120,4028,0,0,0,96853272,2206512,34359738367,0,0,0,0,0,0,0,2048,493416,4651008,97517568
1634675261.000860,860,voltrino,0,0,0,98829872,90847276,93927404,602444,4979372,0,1285108,4473408,508036,1505776,777072,2967632,2692,2692,0,0,0,0,179556,43352,1837112,879808,201736,678072,41104,4028,0,0,0,96853272,2206512,34359738367,0,0,0,0,0,0,0,2048,493416,4651008,97517568
1634675262.001274,1274,voltrino,0,0,0,98829872,90847292,93927420,602444,4979372,0,1285108,4473408,508036,1505776,777072,2967632,2692,2692,0,0,0,0,179556,43352,1837112,879808,201736,678072,41120,4028,0,0,0,96853272,2206512,34359738367,0,0,0,0,0,0,0,2048,493416,4651008,97517568
1634675263.000860,860,voltrino,0,0,0,98829872,90847292,93927420,602444,4979372,0,1285108,4473408,508036,1505776,777072,2967632,2692,2692,0,0,0,0,179556,43352,1837112,879796,201736,678060,41104,4028,0,0,0,96853272,2206512,34359738367,0,0,0,0,0,0,0,2048,493416,4651008,97517568
1634675264.001291,1291,voltrino,0,0,0,98829872,90847544,93927672,602444,4979372,0,1285108,4473408,508036,1505776,777072,2967632,2692,2692,0,0,0,0,179556,43352,1837112,879796,201736,678060,41120,4028,0,0,0,96853272,2206512,34359738367,0,0,0,0,0,0,0,2048,493416,4651008,97517568
1634675265.000838,838,voltrino,0,0,0,98829872,90847544,93927668,602444,4979372,0,1285108,4473408,508036,1505776,777072,2967632,2692,2692,0,0,0,0,179556,43352,1837112,879788,201728,678060,41104,4028,0,0,0,96853272,2206512,34359738367,0,0,0,0,0,0,0,2048,493416,4651008,97517568
1634675266.001283,1283,voltrino,0,0,0,98829872,90847556,93927680,602444,4979372,0,1285108,4473408,508036,1505776,777072,2967632,2692,2692,0,0,0,0,179556,43352,1837112,879788,201728,678060,41120,4028,0,0,0,96853272,2206512,34359738367,0,0,0,0,0,0,0,2048,493416,4651008,97517568
1634675267.000846,846,voltrino,0,0,0,98829872,90847572,93927696,602444,4979372,0,1285108,4473408,508036,1505776,777072,2967632,2692,2692,0,0,0,0,179556,43352,1837112,879764,201728,678036,41104,4028,0,0,0,96853272,2206512,34359738367,0,0,0,0,0,0,0,2048,493416,4651008,97517568
1634675268.001262,1262,voltrino,0,0,0,98829872,90847628,93927752,602444,4979372,0,1285108,4473408,508036,1505776,777072,2967632,2692,2692,0,0,0,0,179556,43352,1837112,879756,201728,678028,41120,4028,0,0,0,96853272,2206512,34359738367,0,0,0,0,0,0,0,2048,493416,4651008,97517568
1634675269.000851,851,voltrino,0,0,0,98829872,90847368,93927492,602444,4979372,0,1285108,4473408,508036,1505776,777072,2967632,2692,2692,0,0,0,0,179556,43352,1837112,879764,201728,678036,41104,4028,0,0,0,96853272,2206512,34359738367,0,0,0,0,0,0,0,2048,493416,4651008,97517568
1634675270.001277,1277,voltrino,0,0,0,98829872,90840436,93920560,602444,4979372,0,1285728,4473408,508656,1505776,777072,2967632,2692,2692,0,0,0,0,179992,43700,1837112,879924,201728,678196,41168,4216,0,0,0,96853272,2207280,34359738367,0,0,0,0,0,0,0,2048,493416,4651008,97517568
1634675271.000851,851,voltrino,0,0,0,98829872,90839924,93920048,602444,4979372,0,1285168,4473408,508096,1505776,777072,2967632,2692,2692,0,0,0,0,179556,43352,1837112,879928,201728,678200,41104,4028,0,0,0,96853272,2207280,34359738367,0,0,0,0,0,0,0,2048,493416,4651008,97517568
1634675272.001275,1275,voltrino,0,0,0,98829872,90839924,93920048,602444,4979372,0,1285168,4473408,508096,1505776,777072,2967632,2692,2692,0,0,0,0,179556,43352,1837112,879928,201728,678200,41120,4028,0,0,0,96853272,2207280,34359738367,0,0,0,0,0,0,0,2048,493416,4651008,97517568
1634675273.000842,842,voltrino,0,0,0,98829872,90841176,93921300,602444,4979372,0,1285168,4473408,508096,1505776,777072,2967632,2692,2692,0,0,0,0,179556,43352,1837112,879928,201728,678200,41104,4028,0,0,0,96853272,2207280,34359738367,0,0,0,0,0,0,0,2048,493416,4651008,97517568
1634675274.001276,1276,voltrino,0,0,0,98829872,90842696,93922820,602444,4979372,0,1285168,4473408,508096,1505776,777072,2967632,2692,2692,0,0,0,0,179556,43352,1837112,879920,201728,678192,41120,4028,0,0,0,96853272,2207280,34359738367,0,0,0,0,0,0,0,2048,493416,4651008,97517568
1634675275.000846,846,voltrino,0,0,0,98829872,90842696,93922820,602444,4979372,0,1285168,4473408,508096,1505776,777072,2967632,2692,2692,0,0,0,0,179556,43352,1837112,879920,201728,678192,41104,4028,0,0,0,96853272,2207280,34359738367,0,0,0,0,0,0,0,2048,493416,4651008,97517568
1634675276.001302,1302,voltrino,0,0,0,98829872,90843344,93923468,602444,4979372,0,1285168,4473408,508096,1505776,777072,2967632,2692,2692,0,0,0,0,179556,43352,1837112,879952,201728,678224,41120,4028,0,0,0,96853272,2207280,34359738367,0,0,0,0,0,0,0,2048,493416,4651008,97517568
